"chr" "pos" "eaf" "beta" "se" "pval" "n"
"59659" 4 120415676 0.0286 0.1641 0.0558 0.003276 721368
"59660" 4 120416096 0.9674 0.1435 0.0499 0.004069 746320
"59661" 4 120416445 0.1485 -0.0385 0.0244 0.1147 754581
"59662" 4 120416788 0.7037 0.105 0.0191 3.928e-08 746319
"59663" 4 120416872 0.7038 0.105 0.0191 3.892e-08 746321
"59665" 4 120418838 0.7044 0.109 0.019 1.002e-08 754581
"59666" 4 120419300 0.9654 0.1312 0.0486 0.006972 751964
"59667" 4 120420334 0.7039 0.1091 0.019 9.416e-09 754582
"59671" 4 120421211 0.2958 -0.1086 0.019 1.083e-08 754583
"59672" 4 120421809 0.5132 -0.1462 0.0174 4.373e-17 754583
"59673" 4 120421857 0.034 -0.1257 0.0484 0.009326 754582
"59674" 4 120421969 0.2958 -0.1086 0.019 1.111e-08 754582
"59675" 4 120422636 0.7039 0.1089 0.019 9.793e-09 754582
"59676" 4 120422738 0.1822 -0.0632 0.0225 0.00487 754581
"59677" 4 120422852 0.7039 0.1089 0.019 9.842e-09 754582
"59678" 4 120423094 0.1411 0.1022 0.0266 0.0001214 749960
"59679" 4 120423448 0.7041 0.1088 0.019 1.036e-08 754583
"59680" 4 120423480 0.7044 0.1081 0.019 1.319e-08 754582
"59681" 4 120423719 0.2962 -0.1085 0.019 1.121e-08 754583
"59682" 4 120423729 0.7044 0.1056 0.0192 3.611e-08 746321
"59683" 4 120423935 0.2959 -0.1124 0.0191 4.133e-09 750706
"59684" 4 120424087 0.4863 0.1454 0.0174 7.134e-17 754583
"59685" 4 120424172 0.7039 0.1093 0.019 9.284e-09 754582
"59686" 4 120424580 0.8079 0.0589 0.022 0.007573 754582
"59687" 4 120424734 0.0336 -0.1349 0.0487 0.005558 754582
"59688" 4 120425051 0.9869 -0.1712 0.0826 0.03811 736230
"59689" 4 120425246 0.2062 -0.0743 0.0231 0.001306 750960
"59690" 4 120425777 0.7027 0.1148 0.019 1.66e-09 754582
"59691" 4 120425940 0.9653 0.1427 0.048 0.002933 754582
"59692" 4 120426430 0.7024 0.1153 0.0191 1.471e-09 753468
"59693" 4 120427489 0.3312 -0.1276 0.0185 5.463e-12 754583
"59694" 4 120427609 0.0336 -0.1449 0.0486 0.002898 754582
"59695" 4 120427732 0.5133 -0.155 0.0174 5.553e-19 754582
"59696" 4 120427844 0.7037 0.1157 0.019 1.253e-09 754581
"59697" 4 120428033 0.2962 -0.116 0.019 1.123e-09 754582
"59698" 4 120428098 0.2962 -0.1161 0.019 1.108e-09 754582
"59699" 4 120428101 0.7038 0.116 0.019 1.138e-09 754582
"59700" 4 120428117 0.0347 -0.1295 0.0484 0.007447 754582
"59701" 4 120428309 0.2962 -0.1159 0.019 1.153e-09 754582
"59702" 4 120428404 0.8168 0.0659 0.0224 0.003308 754582
"59703" 4 120428653 0.9654 0.1292 0.0484 0.007617 754581
"59704" 4 120429952 0.7037 0.1163 0.0191 1.081e-09 752470
"59705" 4 120430787 0.9654 0.1395 0.0478 0.003484 754582
"59706" 4 120431469 0.7037 0.1162 0.019 1.06e-09 754583
"59707" 4 120431661 0.2966 -0.1166 0.019 9.134e-10 754583
"59708" 4 120432447 0.7031 0.1158 0.019 1.192e-09 754582
"59709" 4 120432527 0.148 -0.0445 0.0244 0.06874 754581
"59710" 4 120433248 0.5135 -0.1547 0.0174 6.4e-19 754582
"59711" 4 120433807 0.4858 0.1543 0.0174 7.88e-19 754583
"59712" 4 120434015 0.1824 -0.0676 0.0225 0.002654 754581
"59713" 4 120434404 0.2967 -0.1164 0.019 9.412e-10 754583
"59715" 4 120434576 0.2964 -0.116 0.019 1.07e-09 754583
"59716" 4 120434833 0.296 -0.1161 0.0191 1.112e-09 754582
"59717" 4 120436704 0.2964 -0.1155 0.019 1.249e-09 754583
"59718" 4 120437825 0.7034 0.1144 0.019 1.717e-09 754583
"59719" 4 120438174 0.5134 -0.1546 0.0174 5.591e-19 754583
"59720" 4 120438302 0.8177 0.0685 0.0224 0.002281 754582
"59721" 4 120438336 0.0347 -0.1284 0.0483 0.007911 754582
"59722" 4 120438788 0.9654 0.131 0.0485 0.006878 754582
"59723" 4 120439128 0.0148 0.0826 0.077 0.2833 743484
"59724" 4 120439527 0.9669 0.1348 0.0492 0.006182 754581
"59726" 4 120440676 0.2923 -0.1141 0.0193 3.605e-09 753577
"59727" 4 120440677 0.2923 -0.114 0.0193 3.725e-09 753576
"59728" 4 120440682 0.7054 0.1141 0.0192 2.653e-09 754581
"59729" 4 120442428 0.2971 -0.1141 0.019 1.79e-09 754582
"59730" 4 120442430 0.7037 0.1146 0.019 1.633e-09 754582
"59731" 4 120442748 0.0343 -0.147 0.048 0.002171 754582
"59732" 4 120443489 0.7036 0.1155 0.019 1.247e-09 754582
"59733" 4 120444056 0.0346 -0.1283 0.0483 0.007896 754581
"59734" 4 120445720 0.7032 0.1117 0.0191 5.121e-09 746320
"59735" 4 120447048 0.7035 0.115 0.019 1.419e-09 754581
"59737" 4 120447642 0.7032 0.115 0.019 1.4e-09 754583
"59738" 4 120447724 0.2966 -0.115 0.019 1.43e-09 754583
"59739" 4 120449456 0.297 -0.1134 0.019 2.348e-09 754582
"59740" 4 120449810 0.4864 0.1548 0.0175 7.899e-19 746321
"59741" 4 120450159 0.7018 0.1089 0.0191 1.121e-08 746319
"59742" 4 120450390 0.8177 0.0715 0.0225 0.001464 753467
"59743" 4 120450424 0.2967 -0.1137 0.019 2.187e-09 754581
"59744" 4 120450908 0.2966 -0.1135 0.019 2.302e-09 754582
"59745" 4 120451018 0.1819 -0.0709 0.0225 0.001601 754583
"59747" 4 120451668 0.2967 -0.1135 0.019 2.326e-09 754582
"59748" 4 120452356 0.5363 -0.1361 0.0175 6.924e-15 754582
"59749" 4 120452776 0.2964 -0.1145 0.019 1.672e-09 754582
"59751" 4 120453275 0.9744 -0.1204 0.0587 0.04025 743078
"59752" 4 120453416 0.8175 0.0685 0.0224 0.002263 754580
"59753" 4 120454191 0.7035 0.1147 0.019 1.568e-09 754583
"59754" 4 120454556 0.7035 0.1148 0.019 1.536e-09 754583
"59755" 4 120454807 0.0625 0.0505 0.0387 0.1913 713730
"59756" 4 120454825 0.9858 0.1936 0.0815 0.01759 715275
"59757" 4 120455191 0.8924 -0.1088 0.0297 0.0002423 752464
"59758" 4 120455311 0.2965 -0.115 0.019 1.443e-09 754582
"59759" 4 120455648 0.7486 -0.093 0.0211 1.002e-05 750961
"59760" 4 120455649 0.7034 0.1136 0.019 2.263e-09 754582
"59761" 4 120455814 0.967 0.1325 0.0492 0.007049 754581
"59762" 4 120456160 0.0633 0.0446 0.0385 0.2461 713731
"59763" 4 120456927 0.703 0.1141 0.019 1.892e-09 754583
"59765" 4 120457190 0.9654 0.1278 0.0482 0.008066 754581
"59766" 4 120457682 0.703 0.114 0.019 1.933e-09 754583
"59767" 4 120458098 0.9653 0.1281 0.0482 0.007828 754581
"59768" 4 120458692 0.2984 -0.1125 0.019 3.248e-09 754581
"59769" 4 120458867 0.703 0.1137 0.019 2.181e-09 754583
"59770" 4 120459366 0.703 0.1143 0.019 1.794e-09 754583
"59771" 4 120459674 0.703 0.1143 0.019 1.888e-09 752470
"59772" 4 120460306 0.703 0.1143 0.019 1.887e-09 752470
"59774" 4 120461957 0.2967 -0.1133 0.019 2.486e-09 754582
"59775" 4 120462861 0.297 -0.1139 0.019 2.015e-09 754582
"59776" 4 120463409 0.7031 0.1141 0.019 1.938e-09 754583
"59778" 4 120463471 0.2971 -0.1152 0.019 1.322e-09 754582
"59780" 4 120465001 0.2967 -0.1136 0.019 2.253e-09 754582
"59781" 4 120465246 0.1479 -0.0471 0.0244 0.05375 754582
"59783" 4 120465851 0.1482 -0.0471 0.0244 0.05372 754582
"59784" 4 120466304 0.2969 -0.1142 0.019 1.913e-09 754582
"59785" 4 120466355 0.9653 0.1234 0.0483 0.01054 751964
"59787" 4 120466934 0.0346 -0.1277 0.0483 0.008108 754581
"59788" 4 120468370 0.2968 -0.1133 0.019 2.501e-09 754582
"59789" 4 120468503 0.2966 -0.114 0.019 1.972e-09 754582
"59790" 4 120469995 0.7029 0.1137 0.019 2.155e-09 754582
"59791" 4 120470005 0.7035 0.1145 0.019 1.7e-09 754582
"59792" 4 120470035 0.1816 -0.0717 0.0225 0.001434 754583
"59793" 4 120470255 0.6917 -0.1008 0.0195 2.217e-07 752461
"59794" 4 120470977 0.0539 -0.1147 0.0413 0.005465 740566
"59795" 4 120471648 0.7034 0.1153 0.019 1.308e-09 754583
"59796" 4 120471660 0.2965 -0.1154 0.019 1.364e-09 754582
"59797" 4 120471971 0.297 -0.1146 0.019 1.624e-09 754582
"59798" 4 120472422 0.7032 0.1151 0.019 1.451e-09 754582
"59799" 4 120472839 0.2966 -0.1142 0.019 1.864e-09 754583
"59801" 4 120473191 0.8182 0.0715 0.0225 0.001465 754582
"59802" 4 120473204 0.9457 0.1187 0.0411 0.003868 741681
"59803" 4 120473953 0.033 -0.1361 0.0492 0.005677 754583
"59804" 4 120474127 0.0346 -0.127 0.0483 0.008562 754582
"59805" 4 120474677 0.9654 0.1267 0.0482 0.008631 754582
"59806" 4 120474859 0.703 0.1136 0.019 2.34e-09 753466
"59807" 4 120475860 0.2967 -0.1141 0.019 1.918e-09 754581
"59808" 4 120475966 0.7036 0.1143 0.019 1.852e-09 754583
"59809" 4 120476006 0.6918 -0.1021 0.0195 1.652e-07 750961
"59810" 4 120476490 0.9643 0.0638 0.0495 0.1968 753575
"59811" 4 120476715 0.2966 -0.1149 0.019 1.591e-09 754581
"59812" 4 120477469 0.9654 0.1276 0.0482 0.008162 754583
"59813" 4 120477616 0.7034 0.1147 0.019 1.681e-09 754581
"59814" 4 120478139 0.7029 0.114 0.019 1.976e-09 754582
"59815" 4 120478696 0.7033 0.1141 0.019 1.947e-09 754582
"59816" 4 120479889 0.7045 0.1158 0.0191 1.44e-09 754581
"59817" 4 120480695 0.986 0.0454 0.0798 0.5695 726314
"59818" 4 120481431 0.7031 0.1148 0.019 1.54e-09 754582
"59819" 4 120482049 0.7025 0.1152 0.019 1.346e-09 754582
"59820" 4 120482238 0.0346 -0.1261 0.048 0.008581 754582
"59822" 4 120483022 0.9657 0.1433 0.0479 0.002788 754582
"59823" 4 120483115 0.0331 -0.1327 0.0491 0.006867 754583
"59824" 4 120483161 0.1819 -0.0716 0.0225 0.001443 754582
"59825" 4 120484174 0.9658 0.1437 0.0479 0.002716 754581
"59826" 4 120484259 0.9654 0.1279 0.0482 0.007963 754582
"59827" 4 120484393 0.9852 -0.0945 0.0773 0.2214 742370
"59828" 4 120484514 0.9654 0.1275 0.0482 0.008134 754582
"59829" 4 120485223 0.7034 0.1141 0.019 2.001e-09 754580
"59830" 4 120485670 0.297 -0.1143 0.019 1.799e-09 754580
"59831" 4 120485824 0.7034 0.1145 0.019 1.701e-09 754582
"59832" 4 120486028 0.7027 0.1146 0.019 1.607e-09 754580
"59833" 4 120486047 0.0135 0.0536 0.0838 0.522 713413
"59834" 4 120486402 0.7066 0.1147 0.0191 1.955e-09 754581
"59835" 4 120487478 0.0342 -0.1442 0.048 0.002672 753468
"59836" 4 120488167 0.967 0.1338 0.0491 0.006451 754582
"59837" 4 120488496 0.2965 -0.115 0.019 1.459e-09 754583
"59838" 4 120488703 0.2965 -0.1151 0.019 1.403e-09 754582
"59839" 4 120488791 0.9653 0.1264 0.0481 0.008641 754582
"59840" 4 120489527 0.2974 -0.1149 0.019 1.42e-09 754583
"59841" 4 120489535 0.9658 0.1424 0.048 0.002995 754582
"59842" 4 120489588 0.2963 -0.1151 0.019 1.468e-09 754583
"59843" 4 120489982 0.7034 0.115 0.019 1.458e-09 754583
"59844" 4 120490499 0.2966 -0.115 0.019 1.464e-09 754582
"59845" 4 120490517 0.967 0.134 0.0491 0.006385 754580
"59846" 4 120490592 0.7033 0.1154 0.019 1.314e-09 754581
"59847" 4 120490726 0.2965 -0.115 0.019 1.425e-09 754582
"59848" 4 120490969 0.033 -0.1341 0.0491 0.006318 754581
"59849" 4 120491640 0.8182 0.0723 0.0225 0.001307 754581
"59850" 4 120491714 0.8525 0.0557 0.0246 0.02338 746320
"59851" 4 120491877 0.2163 -0.0878 0.0211 3.143e-05 754581
"59852" 4 120492916 0.0346 -0.1258 0.048 0.008848 754582
"59853" 4 120493051 0.0215 -0.1087 0.0653 0.09585 748139
"59854" 4 120493842 0.0346 -0.1261 0.0481 0.008793 754582
"59855" 4 120493937 0.2167 -0.0882 0.0211 2.796e-05 754581
"59856" 4 120494840 0.018 -0.1486 0.0689 0.03115 751061
"59857" 4 120495479 0.8182 0.0724 0.0225 0.001272 754581
"59858" 4 120495850 0.7834 0.0882 0.0211 2.819e-05 754581
"59859" 4 120496106 0.7833 0.0882 0.0211 2.787e-05 754581
"59860" 4 120496444 0.7045 0.1152 0.0191 1.527e-09 754581
"59861" 4 120496546 0.9864 -0.0908 0.0809 0.262 743482
"59862" 4 120497138 0.7833 0.088 0.0211 2.94e-05 754581
"59863" 4 120497139 0.148 -0.0478 0.0244 0.05013 754582
"59864" 4 120498280 0.5127 -0.1555 0.0174 3.504e-19 754583
"59865" 4 120498434 0.967 0.1344 0.0491 0.006147 754580
"59866" 4 120502016 0.4878 0.1565 0.0173 1.911e-19 754583
"59867" 4 120502461 0.2154 -0.0953 0.0212 6.743e-06 746319
"59868" 4 120503163 0.7833 0.0884 0.021 2.627e-05 754581
"59869" 4 120503330 0.0294 0.0753 0.0563 0.1816 703656
"59870" 4 120503437 0.7033 0.1158 0.019 1.092e-09 754582
"59871" 4 120503460 0.7034 0.1158 0.019 1.074e-09 754582
"59872" 4 120503891 0.4876 0.1563 0.0173 1.83e-19 754583
"59873" 4 120503966 0.0329 0.1576 0.0528 0.002808 741610
"59874" 4 120504179 0.7846 0.0945 0.0212 7.96e-06 746319
"59875" 4 120504227 0.2977 -0.1157 0.019 1.11e-09 754583
"59876" 4 120504679 0.7847 0.0944 0.0212 8.39e-06 746319
"59877" 4 120505390 0.0345 -0.1261 0.0481 0.008731 754583
"59878" 4 120505628 0.9812 -0.1198 0.0685 0.08018 730039
"59879" 4 120506122 0.9655 0.1252 0.048 0.009148 754582
"59880" 4 120506153 0.4864 0.1556 0.0174 3.206e-19 754583
"59881" 4 120506200 0.7755 0.091 0.0212 1.7e-05 753577
"59882" 4 120506268 0.9658 0.1428 0.0478 0.002822 754581
"59883" 4 120506344 0.1478 -0.048 0.0244 0.04895 754583
"59885" 4 120506884 0.2972 -0.1152 0.019 1.256e-09 754581
"59886" 4 120507162 0.0315 0.1679 0.053 0.001518 749962
"59887" 4 120507278 0.9883 0.1124 0.0888 0.2052 718758
"59888" 4 120507664 0.2161 -0.0875 0.021 3.175e-05 754582
"59889" 4 120508298 0.7848 0.0941 0.0212 8.714e-06 746320
"59890" 4 120508751 0.033 -0.1325 0.049 0.006878 754581
"59891" 4 120508807 0.785 0.0878 0.0211 3.172e-05 754582
"59892" 4 120509046 0.9655 0.1251 0.048 0.009148 754583
"59893" 4 120509055 0.0345 -0.1258 0.0481 0.008891 754583
"59894" 4 120509279 0.5221 -0.161 0.0174 1.834e-20 754581
"59895" 4 120509520 0.9655 0.125 0.048 0.009194 754582
"59896" 4 120509627 0.2149 -0.086 0.0211 4.567e-05 754581
"59898" 4 120509881 0.784 0.0869 0.021 3.599e-05 754582
"59899" 4 120509972 0.4875 0.1556 0.0173 2.541e-19 754583
"59900" 4 120509981 0.0333 -0.1271 0.0489 0.009276 754582
"59901" 4 120510309 0.1478 -0.0467 0.0244 0.0554 754582
"59902" 4 120510535 0.7836 0.0859 0.021 4.357e-05 754583
"59903" 4 120510750 0.7841 0.087 0.021 3.491e-05 754582
"59904" 4 120511817 0.5125 -0.1551 0.0173 3.725e-19 753469
"59905" 4 120511975 0.784 0.0872 0.021 3.383e-05 754583
"59906" 4 120512508 0.2159 -0.0854 0.021 4.928e-05 754582
"59907" 4 120513035 0.216 -0.0853 0.021 5.031e-05 754580
"59908" 4 120513081 0.9648 0.1329 0.0479 0.005573 754583
"59909" 4 120513230 0.4845 0.1575 0.0175 1.942e-19 754583
"59910" 4 120515263 0.7841 0.0852 0.021 5.096e-05 754581
"59911" 4 120515278 0.703 0.1158 0.0189 9.927e-10 754582
"59912" 4 120515294 0.0287 -0.1774 0.0536 0.0009286 754580
"59914" 4 120515499 0.1479 -0.0459 0.0244 0.05969 754582
"59915" 4 120516161 0.0146 0.1005 0.0772 0.1933 743941
"59916" 4 120516597 0.5111 -0.1556 0.0174 3.281e-19 753578
"59917" 4 120516617 0.2144 -0.0869 0.0212 4.058e-05 753576
"59918" 4 120516619 0.7854 0.0871 0.0211 3.752e-05 753576
"59919" 4 120516693 0.2159 -0.085 0.021 5.262e-05 754581
"59920" 4 120517374 0.9879 -0.2361 0.0898 0.008598 720222
"59921" 4 120517491 0.7841 0.0851 0.021 5.212e-05 754580
"59923" 4 120518064 0.1819 -0.0686 0.0224 0.002234 754580
"59924" 4 120518329 0.7839 0.0853 0.021 5.015e-05 754583
"59925" 4 120518765 0.8523 0.0452 0.0244 0.06388 754583
"59926" 4 120519017 0.8523 0.0465 0.0244 0.05691 752468
"59927" 4 120519022 0.784 0.0848 0.021 5.56e-05 754583
"59928" 4 120519104 0.8523 0.0451 0.0244 0.0643 754581
"59929" 4 120519934 0.2159 -0.0863 0.021 4.056e-05 753467
"59930" 4 120520704 0.7031 0.1166 0.019 7.724e-10 754582
"59931" 4 120521297 0.5125 -0.1554 0.0173 2.554e-19 754583
"59932" 4 120521629 0.7839 0.0845 0.021 5.85e-05 754582
"59933" 4 120521686 0.0345 -0.1269 0.0481 0.008336 754580
"59934" 4 120522038 0.8183 0.0678 0.0224 0.002513 754582
"59935" 4 120522172 0.2147 -0.0924 0.0212 1.302e-05 746320
"59936" 4 120522579 0.5893 -0.13 0.0182 1.072e-12 753578
"59937" 4 120522608 0.0632 -0.0723 0.0389 0.06314 750960
"59938" 4 120522934 0.4786 -0.1375 0.0173 1.95e-15 754583
"59939" 4 120523005 0.1821 -0.0661 0.0224 0.003175 754581
"59940" 4 120523081 0.8179 0.0662 0.0224 0.003133 754581
"59941" 4 120523142 0.0288 0.079 0.057 0.1655 704661
"59942" 4 120523636 0.1477 -0.0445 0.0244 0.06763 754581
"59943" 4 120524070 0.1477 -0.0452 0.0244 0.06361 754581
"59944" 4 120524283 0.6958 0.1178 0.0188 3.904e-10 754582
"59945" 4 120524620 0.8178 0.0668 0.0224 0.002888 754582
"59946" 4 120524841 0.3042 -0.1178 0.0188 3.797e-10 754583
"59947" 4 120524990 0.9652 0.1303 0.0478 0.006425 754582
"59948" 4 120525410 0.182 -0.0665 0.0224 0.003005 754582
"59949" 4 120525731 0.8523 0.0456 0.0243 0.06109 754582
"59950" 4 120526475 0.818 0.0668 0.0224 0.002865 754581
"59951" 4 120526476 0.0562 0.0741 0.0406 0.06771 726704
"59952" 4 120526630 0.8148 0.0657 0.0224 0.003364 754582
"59953" 4 120528064 0.966 0.1304 0.0485 0.007142 746320
"59954" 4 120528327 0.8179 0.069 0.0224 0.002097 752464
"59955" 4 120528817 0.8519 0.0456 0.0243 0.06078 754582
"59956" 4 120529024 0.1471 -0.0455 0.0244 0.06257 754580
"59957" 4 120529041 0.1816 -0.0687 0.0225 0.002249 753468
"59958" 4 120529383 0.0339 -0.1306 0.0485 0.007076 746319
"59959" 4 120529651 0.9671 0.137 0.049 0.005188 754581
"59960" 4 120530449 0.9652 0.1296 0.0478 0.006708 754582
"59961" 4 120531111 0.8179 0.0666 0.0224 0.002963 754582
"59962" 4 120531199 0.182 -0.0685 0.0224 0.002261 753468
"59964" 4 120532085 0.6616 0.1307 0.0183 8.618e-13 754583
"59965" 4 120532401 0.5198 -0.1567 0.0173 1.546e-19 752482
"59966" 4 120532956 0.297 -0.1117 0.019 3.759e-09 754582
"59967" 4 120533147 0.8161 0.0686 0.0224 0.002161 754581
"59968" 4 120533223 0.4803 0.1577 0.0173 9.099e-20 754583
"59970" 4 120533442 0.1477 -0.0457 0.0244 0.0608 754582
"59971" 4 120533838 0.9652 0.1291 0.0478 0.006885 754582
"59972" 4 120533931 0.3025 -0.1177 0.0189 4.543e-10 754582
"59973" 4 120534734 0.8179 0.0677 0.0224 0.002511 754582
"59974" 4 120535428 0.0342 -0.14 0.048 0.003513 753467
"59975" 4 120535491 0.0345 -0.1279 0.0481 0.007825 754580
"59976" 4 120535715 0.8178 0.0672 0.0224 0.002718 754583
"59977" 4 120535821 0.1479 -0.0454 0.0243 0.0624 754582
"59978" 4 120536390 0.8519 0.0457 0.0243 0.06042 754582
"59979" 4 120536858 0.6957 0.1176 0.0188 4.134e-10 754583
"59980" 4 120536905 0.3043 -0.1176 0.0188 4.207e-10 754582
"59981" 4 120537384 0.0348 -0.1286 0.0478 0.007152 754582
"59983" 4 120537994 0.8526 0.0457 0.0245 0.06183 754582
"59984" 4 120538021 0.8521 0.0455 0.0245 0.06277 754582
"59986" 4 120538311 0.1479 -0.0475 0.0244 0.05134 753468
"59987" 4 120538558 0.0188 -0.1186 0.0697 0.0889 740917
"59988" 4 120538823 0.8186 0.0743 0.0226 0.0009911 746319
"59989" 4 120539108 0.1477 -0.0463 0.0244 0.05742 754582
"59990" 4 120539249 0.0845 -0.0351 0.033 0.2886 750961
"59991" 4 120539753 0.5185 -0.1585 0.0173 5.771e-20 754583
"59992" 4 120539951 0.1477 -0.0463 0.0244 0.05734 754582
"59993" 4 120540218 0.0345 -0.128 0.0481 0.00774 754582
"59994" 4 120540571 0.3384 -0.1304 0.0183 9.92e-13 754583
"59995" 4 120540908 0.9652 0.1307 0.0479 0.006302 753467
"59996" 4 120541339 0.0346 -0.1301 0.0481 0.006802 754582
"59998" 4 120542522 0.1477 -0.0464 0.0244 0.05719 754583
"59999" 4 120542827 0.5201 -0.1573 0.0173 1.093e-19 754583
"60000" 4 120542870 0.1482 -0.0473 0.0244 0.05228 753469
"60002" 4 120543086 0.0118 0.3342 0.089 0.0001719 724908
"60003" 4 120543155 0.1477 -0.046 0.0244 0.05897 754582
"60004" 4 120543173 0.3043 -0.1172 0.0188 4.791e-10 754582
"60005" 4 120543285 0.8156 0.0655 0.0225 0.003588 754582
"60006" 4 120543702 0.9663 0.1228 0.049 0.0123 754582
"60007" 4 120543865 0.9837 0.2666 0.0708 0.0001652 752831
"60009" 4 120543998 0.0445 -0.1102 0.0464 0.01758 752748
"60010" 4 120544112 0.4798 0.1573 0.0173 1.088e-19 754582
"60011" 4 120544218 0.0356 -0.1253 0.0476 0.008451 754582
"60012" 4 120544349 0.8177 0.0678 0.0224 0.00252 754582
"60014" 4 120544784 0.0349 -0.1283 0.0478 0.00728 754582
"60015" 4 120544884 0.0349 -0.1283 0.0478 0.00728 754582
"60017" 4 120545004 0.1477 -0.0465 0.0244 0.05671 754581
"60018" 4 120546107 0.9662 0.1319 0.0485 0.006546 754582
"60019" 4 120546136 0.6612 0.1266 0.0184 5.745e-12 746321
"60020" 4 120546299 0.3388 -0.1304 0.0183 9.794e-13 754582
"60021" 4 120546307 0.0359 -0.1338 0.0479 0.005199 754582
"60022" 4 120546441 0.0346 -0.1278 0.0481 0.007818 754581
"60023" 4 120546586 0.0343 -0.1336 0.0479 0.005298 754581
"60024" 4 120546659 0.8177 0.0676 0.0224 0.00257 754582
"60025" 4 120547986 0.0388 -0.1134 0.0471 0.01603 754582
"60026" 4 120547987 0.964 0.1284 0.0478 0.007238 754581
"60027" 4 120548222 0.1479 -0.0453 0.0244 0.06375 754583
"60028" 4 120549113 0.9872 -0.2945 0.084 0.0004575 735957
"60029" 4 120549126 0.021 0.1347 0.068 0.04745 745180
"60030" 4 120549138 0.0349 -0.1304 0.0479 0.006425 753466
"60031" 4 120549533 0.0565 0.0599 0.04 0.134 739605
